0.000000000000000000e+00 -4.000000000000000000e+01 1.399999999999999911e+00
6.428571428571428825e+00 -4.000000000000000000e+01 1.399999999999999911e+00
1.285714285714285765e+01 -4.000000000000000000e+01 1.399999999999999911e+00
1.928571428571428470e+01 -4.000000000000000000e+01 1.399999999999999911e+00
2.571428571428571530e+01 -4.000000000000000000e+01 1.399999999999999911e+00
3.214285714285714590e+01 -4.000000000000000000e+01 1.399999999999999911e+00
3.857142857142856940e+01 -4.000000000000000000e+01 1.399999999999999911e+00
4.500000000000000000e+01 -4.000000000000000000e+01 1.399999999999999911e+00
5.142857142857143060e+01 -4.000000000000000000e+01 1.399999999999999911e+00
5.785714285714286120e+01 -4.000000000000000000e+01 1.399999999999999911e+00
6.428571428571429180e+01 -4.000000000000000000e+01 1.399999999999999911e+00
7.071428571428572241e+01 -4.000000000000000000e+01 1.399999999999999911e+00
7.714285714285713880e+01 -4.000000000000000000e+01 1.399999999999999911e+00
8.357142857142856940e+01 -4.000000000000000000e+01 1.399999999999999911e+00
9.000000000000000000e+01 -4.000000000000000000e+01 1.399999999999999911e+00
9.642857142857143060e+01 -4.000000000000000000e+01 1.399999999999999911e+00
1.028571428571428612e+02 -4.000000000000000000e+01 1.399999999999999911e+00
1.092857142857142918e+02 -4.000000000000000000e+01 1.399999999999999911e+00
1.157142857142857224e+02 -4.000000000000000000e+01 1.399999999999999911e+00
1.221428571428571530e+02 -4.000000000000000000e+01 1.399999999999999911e+00
1.285714285714285836e+02 -4.000000000000000000e+01 1.399999999999999911e+00
1.350000000000000000e+02 -4.000000000000000000e+01 1.399999999999999911e+00
1.414285714285714448e+02 -4.000000000000000000e+01 1.399999999999999911e+00
1.478571428571428612e+02 -4.000000000000000000e+01 1.399999999999999911e+00
1.542857142857142776e+02 -4.000000000000000000e+01 1.399999999999999911e+00
1.607142857142857224e+02 -4.000000000000000000e+01 1.399999999999999911e+00
1.671428571428571388e+02 -4.000000000000000000e+01 1.399999999999999911e+00
1.735714285714285836e+02 -4.000000000000000000e+01 1.399999999999999911e+00
1.800000000000000000e+02 -4.000000000000000000e+01 1.399999999999999911e+00
1.864285714285714448e+02 -4.000000000000000000e+01 1.399999999999999911e+00
1.928571428571428612e+02 -4.000000000000000000e+01 1.399999999999999911e+00
1.992857142857143060e+02 -4.000000000000000000e+01 1.399999999999999911e+00
2.057142857142857224e+02 -4.000000000000000000e+01 1.399999999999999911e+00
2.121428571428571388e+02 -4.000000000000000000e+01 1.399999999999999911e+00
2.185714285714285836e+02 -4.000000000000000000e+01 1.399999999999999911e+00
2.250000000000000000e+02 -4.000000000000000000e+01 1.399999999999999911e+00
2.314285714285714448e+02 -4.000000000000000000e+01 1.399999999999999911e+00
2.378571428571428612e+02 -4.000000000000000000e+01 1.399999999999999911e+00
2.442857142857143060e+02 -4.000000000000000000e+01 1.399999999999999911e+00
2.507142857142857224e+02 -4.000000000000000000e+01 1.399999999999999911e+00
2.571428571428571672e+02 -4.000000000000000000e+01 1.399999999999999911e+00
2.635714285714285552e+02 -4.000000000000000000e+01 1.399999999999999911e+00
2.700000000000000000e+02 -4.000000000000000000e+01 1.399999999999999911e+00
2.764285714285714448e+02 -4.000000000000000000e+01 1.399999999999999911e+00
2.828571428571428896e+02 -4.000000000000000000e+01 1.399999999999999911e+00
2.892857142857142776e+02 -4.000000000000000000e+01 1.399999999999999911e+00
2.957142857142857224e+02 -4.000000000000000000e+01 1.399999999999999911e+00
3.021428571428571672e+02 -4.000000000000000000e+01 1.399999999999999911e+00
3.085714285714285552e+02 -4.000000000000000000e+01 1.399999999999999911e+00
3.150000000000000000e+02 -4.000000000000000000e+01 1.399999999999999911e+00
3.214285714285714448e+02 -4.000000000000000000e+01 1.399999999999999911e+00
3.278571428571428896e+02 -4.000000000000000000e+01 1.399999999999999911e+00
3.342857142857142776e+02 -4.000000000000000000e+01 1.399999999999999911e+00
3.407142857142857224e+02 -4.000000000000000000e+01 1.399999999999999911e+00
3.471428571428571672e+02 -4.000000000000000000e+01 1.399999999999999911e+00
3.535714285714286120e+02 -4.000000000000000000e+01 1.399999999999999911e+00
0.000000000000000000e+00 -3.000000000000000000e+01 1.399999999999999911e+00
6.000000000000000000e+00 -3.000000000000000000e+01 1.399999999999999911e+00
1.200000000000000000e+01 -3.000000000000000000e+01 1.399999999999999911e+00
1.800000000000000000e+01 -3.000000000000000000e+01 1.399999999999999911e+00
2.400000000000000000e+01 -3.000000000000000000e+01 1.399999999999999911e+00
3.000000000000000000e+01 -3.000000000000000000e+01 1.399999999999999911e+00
3.600000000000000000e+01 -3.000000000000000000e+01 1.399999999999999911e+00
4.200000000000000000e+01 -3.000000000000000000e+01 1.399999999999999911e+00
4.800000000000000000e+01 -3.000000000000000000e+01 1.399999999999999911e+00
5.400000000000000000e+01 -3.000000000000000000e+01 1.399999999999999911e+00
6.000000000000000000e+01 -3.000000000000000000e+01 1.399999999999999911e+00
6.600000000000000000e+01 -3.000000000000000000e+01 1.399999999999999911e+00
7.200000000000000000e+01 -3.000000000000000000e+01 1.399999999999999911e+00
7.800000000000000000e+01 -3.000000000000000000e+01 1.399999999999999911e+00
8.400000000000000000e+01 -3.000000000000000000e+01 1.399999999999999911e+00
9.000000000000000000e+01 -3.000000000000000000e+01 1.399999999999999911e+00
9.600000000000000000e+01 -3.000000000000000000e+01 1.399999999999999911e+00
1.020000000000000000e+02 -3.000000000000000000e+01 1.399999999999999911e+00
1.080000000000000000e+02 -3.000000000000000000e+01 1.399999999999999911e+00
1.140000000000000000e+02 -3.000000000000000000e+01 1.399999999999999911e+00
1.200000000000000000e+02 -3.000000000000000000e+01 1.399999999999999911e+00
1.260000000000000000e+02 -3.000000000000000000e+01 1.399999999999999911e+00
1.320000000000000000e+02 -3.000000000000000000e+01 1.399999999999999911e+00
1.380000000000000000e+02 -3.000000000000000000e+01 1.399999999999999911e+00
1.440000000000000000e+02 -3.000000000000000000e+01 1.399999999999999911e+00
1.500000000000000000e+02 -3.000000000000000000e+01 1.399999999999999911e+00
1.560000000000000000e+02 -3.000000000000000000e+01 1.399999999999999911e+00
1.620000000000000000e+02 -3.000000000000000000e+01 1.399999999999999911e+00
1.680000000000000000e+02 -3.000000000000000000e+01 1.399999999999999911e+00
1.740000000000000000e+02 -3.000000000000000000e+01 1.399999999999999911e+00
1.800000000000000000e+02 -3.000000000000000000e+01 1.399999999999999911e+00
1.860000000000000000e+02 -3.000000000000000000e+01 1.399999999999999911e+00
1.920000000000000000e+02 -3.000000000000000000e+01 1.399999999999999911e+00
1.980000000000000000e+02 -3.000000000000000000e+01 1.399999999999999911e+00
2.040000000000000000e+02 -3.000000000000000000e+01 1.399999999999999911e+00
2.100000000000000000e+02 -3.000000000000000000e+01 1.399999999999999911e+00
2.160000000000000000e+02 -3.000000000000000000e+01 1.399999999999999911e+00
2.220000000000000000e+02 -3.000000000000000000e+01 1.399999999999999911e+00
2.280000000000000000e+02 -3.000000000000000000e+01 1.399999999999999911e+00
2.340000000000000000e+02 -3.000000000000000000e+01 1.399999999999999911e+00
2.400000000000000000e+02 -3.000000000000000000e+01 1.399999999999999911e+00
2.460000000000000000e+02 -3.000000000000000000e+01 1.399999999999999911e+00
2.520000000000000000e+02 -3.000000000000000000e+01 1.399999999999999911e+00
2.580000000000000000e+02 -3.000000000000000000e+01 1.399999999999999911e+00
2.640000000000000000e+02 -3.000000000000000000e+01 1.399999999999999911e+00
2.700000000000000000e+02 -3.000000000000000000e+01 1.399999999999999911e+00
2.760000000000000000e+02 -3.000000000000000000e+01 1.399999999999999911e+00
2.820000000000000000e+02 -3.000000000000000000e+01 1.399999999999999911e+00
2.880000000000000000e+02 -3.000000000000000000e+01 1.399999999999999911e+00
2.940000000000000000e+02 -3.000000000000000000e+01 1.399999999999999911e+00
3.000000000000000000e+02 -3.000000000000000000e+01 1.399999999999999911e+00
3.060000000000000000e+02 -3.000000000000000000e+01 1.399999999999999911e+00
3.120000000000000000e+02 -3.000000000000000000e+01 1.399999999999999911e+00
3.180000000000000000e+02 -3.000000000000000000e+01 1.399999999999999911e+00
3.240000000000000000e+02 -3.000000000000000000e+01 1.399999999999999911e+00
3.300000000000000000e+02 -3.000000000000000000e+01 1.399999999999999911e+00
3.360000000000000000e+02 -3.000000000000000000e+01 1.399999999999999911e+00
3.420000000000000000e+02 -3.000000000000000000e+01 1.399999999999999911e+00
3.480000000000000000e+02 -3.000000000000000000e+01 1.399999999999999911e+00
3.540000000000000000e+02 -3.000000000000000000e+01 1.399999999999999911e+00
0.000000000000000000e+00 -2.000000000000000000e+01 1.399999999999999911e+00
5.000000000000000000e+00 -2.000000000000000000e+01 1.399999999999999911e+00
1.000000000000000000e+01 -2.000000000000000000e+01 1.399999999999999911e+00
1.500000000000000000e+01 -2.000000000000000000e+01 1.399999999999999911e+00
2.000000000000000000e+01 -2.000000000000000000e+01 1.399999999999999911e+00
2.500000000000000000e+01 -2.000000000000000000e+01 1.399999999999999911e+00
3.000000000000000000e+01 -2.000000000000000000e+01 1.399999999999999911e+00
3.500000000000000000e+01 -2.000000000000000000e+01 1.399999999999999911e+00
4.000000000000000000e+01 -2.000000000000000000e+01 1.399999999999999911e+00
4.500000000000000000e+01 -2.000000000000000000e+01 1.399999999999999911e+00
5.000000000000000000e+01 -2.000000000000000000e+01 1.399999999999999911e+00
5.500000000000000000e+01 -2.000000000000000000e+01 1.399999999999999911e+00
6.000000000000000000e+01 -2.000000000000000000e+01 1.399999999999999911e+00
6.500000000000000000e+01 -2.000000000000000000e+01 1.399999999999999911e+00
7.000000000000000000e+01 -2.000000000000000000e+01 1.399999999999999911e+00
7.500000000000000000e+01 -2.000000000000000000e+01 1.399999999999999911e+00
8.000000000000000000e+01 -2.000000000000000000e+01 1.399999999999999911e+00
8.500000000000000000e+01 -2.000000000000000000e+01 1.399999999999999911e+00
9.000000000000000000e+01 -2.000000000000000000e+01 1.399999999999999911e+00
9.500000000000000000e+01 -2.000000000000000000e+01 1.399999999999999911e+00
1.000000000000000000e+02 -2.000000000000000000e+01 1.399999999999999911e+00
1.050000000000000000e+02 -2.000000000000000000e+01 1.399999999999999911e+00
1.100000000000000000e+02 -2.000000000000000000e+01 1.399999999999999911e+00
1.150000000000000000e+02 -2.000000000000000000e+01 1.399999999999999911e+00
1.200000000000000000e+02 -2.000000000000000000e+01 1.399999999999999911e+00
1.250000000000000000e+02 -2.000000000000000000e+01 1.399999999999999911e+00
1.300000000000000000e+02 -2.000000000000000000e+01 1.399999999999999911e+00
1.350000000000000000e+02 -2.000000000000000000e+01 1.399999999999999911e+00
1.400000000000000000e+02 -2.000000000000000000e+01 1.399999999999999911e+00
1.450000000000000000e+02 -2.000000000000000000e+01 1.399999999999999911e+00
1.500000000000000000e+02 -2.000000000000000000e+01 1.399999999999999911e+00
1.550000000000000000e+02 -2.000000000000000000e+01 1.399999999999999911e+00
1.600000000000000000e+02 -2.000000000000000000e+01 1.399999999999999911e+00
1.650000000000000000e+02 -2.000000000000000000e+01 1.399999999999999911e+00
1.700000000000000000e+02 -2.000000000000000000e+01 1.399999999999999911e+00
1.750000000000000000e+02 -2.000000000000000000e+01 1.399999999999999911e+00
1.800000000000000000e+02 -2.000000000000000000e+01 1.399999999999999911e+00
1.850000000000000000e+02 -2.000000000000000000e+01 1.399999999999999911e+00
1.900000000000000000e+02 -2.000000000000000000e+01 1.399999999999999911e+00
1.950000000000000000e+02 -2.000000000000000000e+01 1.399999999999999911e+00
2.000000000000000000e+02 -2.000000000000000000e+01 1.399999999999999911e+00
2.050000000000000000e+02 -2.000000000000000000e+01 1.399999999999999911e+00
2.100000000000000000e+02 -2.000000000000000000e+01 1.399999999999999911e+00
2.150000000000000000e+02 -2.000000000000000000e+01 1.399999999999999911e+00
2.200000000000000000e+02 -2.000000000000000000e+01 1.399999999999999911e+00
2.250000000000000000e+02 -2.000000000000000000e+01 1.399999999999999911e+00
2.300000000000000000e+02 -2.000000000000000000e+01 1.399999999999999911e+00
2.350000000000000000e+02 -2.000000000000000000e+01 1.399999999999999911e+00
2.400000000000000000e+02 -2.000000000000000000e+01 1.399999999999999911e+00
2.450000000000000000e+02 -2.000000000000000000e+01 1.399999999999999911e+00
2.500000000000000000e+02 -2.000000000000000000e+01 1.399999999999999911e+00
2.550000000000000000e+02 -2.000000000000000000e+01 1.399999999999999911e+00
2.600000000000000000e+02 -2.000000000000000000e+01 1.399999999999999911e+00
2.650000000000000000e+02 -2.000000000000000000e+01 1.399999999999999911e+00
2.700000000000000000e+02 -2.000000000000000000e+01 1.399999999999999911e+00
2.750000000000000000e+02 -2.000000000000000000e+01 1.399999999999999911e+00
2.800000000000000000e+02 -2.000000000000000000e+01 1.399999999999999911e+00
2.850000000000000000e+02 -2.000000000000000000e+01 1.399999999999999911e+00
2.900000000000000000e+02 -2.000000000000000000e+01 1.399999999999999911e+00
2.950000000000000000e+02 -2.000000000000000000e+01 1.399999999999999911e+00
3.000000000000000000e+02 -2.000000000000000000e+01 1.399999999999999911e+00
3.050000000000000000e+02 -2.000000000000000000e+01 1.399999999999999911e+00
3.100000000000000000e+02 -2.000000000000000000e+01 1.399999999999999911e+00
3.150000000000000000e+02 -2.000000000000000000e+01 1.399999999999999911e+00
3.200000000000000000e+02 -2.000000000000000000e+01 1.399999999999999911e+00
3.250000000000000000e+02 -2.000000000000000000e+01 1.399999999999999911e+00
3.300000000000000000e+02 -2.000000000000000000e+01 1.399999999999999911e+00
3.350000000000000000e+02 -2.000000000000000000e+01 1.399999999999999911e+00
3.400000000000000000e+02 -2.000000000000000000e+01 1.399999999999999911e+00
3.450000000000000000e+02 -2.000000000000000000e+01 1.399999999999999911e+00
3.500000000000000000e+02 -2.000000000000000000e+01 1.399999999999999911e+00
3.550000000000000000e+02 -2.000000000000000000e+01 1.399999999999999911e+00
0.000000000000000000e+00 -1.000000000000000000e+01 1.399999999999999911e+00
5.000000000000000000e+00 -1.000000000000000000e+01 1.399999999999999911e+00
1.000000000000000000e+01 -1.000000000000000000e+01 1.399999999999999911e+00
1.500000000000000000e+01 -1.000000000000000000e+01 1.399999999999999911e+00
2.000000000000000000e+01 -1.000000000000000000e+01 1.399999999999999911e+00
2.500000000000000000e+01 -1.000000000000000000e+01 1.399999999999999911e+00
3.000000000000000000e+01 -1.000000000000000000e+01 1.399999999999999911e+00
3.500000000000000000e+01 -1.000000000000000000e+01 1.399999999999999911e+00
4.000000000000000000e+01 -1.000000000000000000e+01 1.399999999999999911e+00
4.500000000000000000e+01 -1.000000000000000000e+01 1.399999999999999911e+00
5.000000000000000000e+01 -1.000000000000000000e+01 1.399999999999999911e+00
5.500000000000000000e+01 -1.000000000000000000e+01 1.399999999999999911e+00
6.000000000000000000e+01 -1.000000000000000000e+01 1.399999999999999911e+00
6.500000000000000000e+01 -1.000000000000000000e+01 1.399999999999999911e+00
7.000000000000000000e+01 -1.000000000000000000e+01 1.399999999999999911e+00
7.500000000000000000e+01 -1.000000000000000000e+01 1.399999999999999911e+00
8.000000000000000000e+01 -1.000000000000000000e+01 1.399999999999999911e+00
8.500000000000000000e+01 -1.000000000000000000e+01 1.399999999999999911e+00
9.000000000000000000e+01 -1.000000000000000000e+01 1.399999999999999911e+00
9.500000000000000000e+01 -1.000000000000000000e+01 1.399999999999999911e+00
1.000000000000000000e+02 -1.000000000000000000e+01 1.399999999999999911e+00
1.050000000000000000e+02 -1.000000000000000000e+01 1.399999999999999911e+00
1.100000000000000000e+02 -1.000000000000000000e+01 1.399999999999999911e+00
1.150000000000000000e+02 -1.000000000000000000e+01 1.399999999999999911e+00
1.200000000000000000e+02 -1.000000000000000000e+01 1.399999999999999911e+00
1.250000000000000000e+02 -1.000000000000000000e+01 1.399999999999999911e+00
1.300000000000000000e+02 -1.000000000000000000e+01 1.399999999999999911e+00
1.350000000000000000e+02 -1.000000000000000000e+01 1.399999999999999911e+00
1.400000000000000000e+02 -1.000000000000000000e+01 1.399999999999999911e+00
1.450000000000000000e+02 -1.000000000000000000e+01 1.399999999999999911e+00
1.500000000000000000e+02 -1.000000000000000000e+01 1.399999999999999911e+00
1.550000000000000000e+02 -1.000000000000000000e+01 1.399999999999999911e+00
1.600000000000000000e+02 -1.000000000000000000e+01 1.399999999999999911e+00
1.650000000000000000e+02 -1.000000000000000000e+01 1.399999999999999911e+00
1.700000000000000000e+02 -1.000000000000000000e+01 1.399999999999999911e+00
1.750000000000000000e+02 -1.000000000000000000e+01 1.399999999999999911e+00
1.800000000000000000e+02 -1.000000000000000000e+01 1.399999999999999911e+00
1.850000000000000000e+02 -1.000000000000000000e+01 1.399999999999999911e+00
1.900000000000000000e+02 -1.000000000000000000e+01 1.399999999999999911e+00
1.950000000000000000e+02 -1.000000000000000000e+01 1.399999999999999911e+00
2.000000000000000000e+02 -1.000000000000000000e+01 1.399999999999999911e+00
2.050000000000000000e+02 -1.000000000000000000e+01 1.399999999999999911e+00
2.100000000000000000e+02 -1.000000000000000000e+01 1.399999999999999911e+00
2.150000000000000000e+02 -1.000000000000000000e+01 1.399999999999999911e+00
2.200000000000000000e+02 -1.000000000000000000e+01 1.399999999999999911e+00
2.250000000000000000e+02 -1.000000000000000000e+01 1.399999999999999911e+00
2.300000000000000000e+02 -1.000000000000000000e+01 1.399999999999999911e+00
2.350000000000000000e+02 -1.000000000000000000e+01 1.399999999999999911e+00
2.400000000000000000e+02 -1.000000000000000000e+01 1.399999999999999911e+00
2.450000000000000000e+02 -1.000000000000000000e+01 1.399999999999999911e+00
2.500000000000000000e+02 -1.000000000000000000e+01 1.399999999999999911e+00
2.550000000000000000e+02 -1.000000000000000000e+01 1.399999999999999911e+00
2.600000000000000000e+02 -1.000000000000000000e+01 1.399999999999999911e+00
2.650000000000000000e+02 -1.000000000000000000e+01 1.399999999999999911e+00
2.700000000000000000e+02 -1.000000000000000000e+01 1.399999999999999911e+00
2.750000000000000000e+02 -1.000000000000000000e+01 1.399999999999999911e+00
2.800000000000000000e+02 -1.000000000000000000e+01 1.399999999999999911e+00
2.850000000000000000e+02 -1.000000000000000000e+01 1.399999999999999911e+00
2.900000000000000000e+02 -1.000000000000000000e+01 1.399999999999999911e+00
2.950000000000000000e+02 -1.000000000000000000e+01 1.399999999999999911e+00
3.000000000000000000e+02 -1.000000000000000000e+01 1.399999999999999911e+00
3.050000000000000000e+02 -1.000000000000000000e+01 1.399999999999999911e+00
3.100000000000000000e+02 -1.000000000000000000e+01 1.399999999999999911e+00
3.150000000000000000e+02 -1.000000000000000000e+01 1.399999999999999911e+00
3.200000000000000000e+02 -1.000000000000000000e+01 1.399999999999999911e+00
3.250000000000000000e+02 -1.000000000000000000e+01 1.399999999999999911e+00
3.300000000000000000e+02 -1.000000000000000000e+01 1.399999999999999911e+00
3.350000000000000000e+02 -1.000000000000000000e+01 1.399999999999999911e+00
3.400000000000000000e+02 -1.000000000000000000e+01 1.399999999999999911e+00
3.450000000000000000e+02 -1.000000000000000000e+01 1.399999999999999911e+00
3.500000000000000000e+02 -1.000000000000000000e+01 1.399999999999999911e+00
3.550000000000000000e+02 -1.000000000000000000e+01 1.399999999999999911e+00
0.000000000000000000e+00 0.000000000000000000e+00 1.399999999999999911e+00
5.000000000000000000e+00 0.000000000000000000e+00 1.399999999999999911e+00
1.000000000000000000e+01 0.000000000000000000e+00 1.399999999999999911e+00
1.500000000000000000e+01 0.000000000000000000e+00 1.399999999999999911e+00
2.000000000000000000e+01 0.000000000000000000e+00 1.399999999999999911e+00
2.500000000000000000e+01 0.000000000000000000e+00 1.399999999999999911e+00
3.000000000000000000e+01 0.000000000000000000e+00 1.399999999999999911e+00
3.500000000000000000e+01 0.000000000000000000e+00 1.399999999999999911e+00
4.000000000000000000e+01 0.000000000000000000e+00 1.399999999999999911e+00
4.500000000000000000e+01 0.000000000000000000e+00 1.399999999999999911e+00
5.000000000000000000e+01 0.000000000000000000e+00 1.399999999999999911e+00
5.500000000000000000e+01 0.000000000000000000e+00 1.399999999999999911e+00
6.000000000000000000e+01 0.000000000000000000e+00 1.399999999999999911e+00
6.500000000000000000e+01 0.000000000000000000e+00 1.399999999999999911e+00
7.000000000000000000e+01 0.000000000000000000e+00 1.399999999999999911e+00
7.500000000000000000e+01 0.000000000000000000e+00 1.399999999999999911e+00
8.000000000000000000e+01 0.000000000000000000e+00 1.399999999999999911e+00
8.500000000000000000e+01 0.000000000000000000e+00 1.399999999999999911e+00
9.000000000000000000e+01 0.000000000000000000e+00 1.399999999999999911e+00
9.500000000000000000e+01 0.000000000000000000e+00 1.399999999999999911e+00
1.000000000000000000e+02 0.000000000000000000e+00 1.399999999999999911e+00
1.050000000000000000e+02 0.000000000000000000e+00 1.399999999999999911e+00
1.100000000000000000e+02 0.000000000000000000e+00 1.399999999999999911e+00
1.150000000000000000e+02 0.000000000000000000e+00 1.399999999999999911e+00
1.200000000000000000e+02 0.000000000000000000e+00 1.399999999999999911e+00
1.250000000000000000e+02 0.000000000000000000e+00 1.399999999999999911e+00
1.300000000000000000e+02 0.000000000000000000e+00 1.399999999999999911e+00
1.350000000000000000e+02 0.000000000000000000e+00 1.399999999999999911e+00
1.400000000000000000e+02 0.000000000000000000e+00 1.399999999999999911e+00
1.450000000000000000e+02 0.000000000000000000e+00 1.399999999999999911e+00
1.500000000000000000e+02 0.000000000000000000e+00 1.399999999999999911e+00
1.550000000000000000e+02 0.000000000000000000e+00 1.399999999999999911e+00
1.600000000000000000e+02 0.000000000000000000e+00 1.399999999999999911e+00
1.650000000000000000e+02 0.000000000000000000e+00 1.399999999999999911e+00
1.700000000000000000e+02 0.000000000000000000e+00 1.399999999999999911e+00
1.750000000000000000e+02 0.000000000000000000e+00 1.399999999999999911e+00
1.800000000000000000e+02 0.000000000000000000e+00 1.399999999999999911e+00
1.850000000000000000e+02 0.000000000000000000e+00 1.399999999999999911e+00
1.900000000000000000e+02 0.000000000000000000e+00 1.399999999999999911e+00
1.950000000000000000e+02 0.000000000000000000e+00 1.399999999999999911e+00
2.000000000000000000e+02 0.000000000000000000e+00 1.399999999999999911e+00
2.050000000000000000e+02 0.000000000000000000e+00 1.399999999999999911e+00
2.100000000000000000e+02 0.000000000000000000e+00 1.399999999999999911e+00
2.150000000000000000e+02 0.000000000000000000e+00 1.399999999999999911e+00
2.200000000000000000e+02 0.000000000000000000e+00 1.399999999999999911e+00
2.250000000000000000e+02 0.000000000000000000e+00 1.399999999999999911e+00
2.300000000000000000e+02 0.000000000000000000e+00 1.399999999999999911e+00
2.350000000000000000e+02 0.000000000000000000e+00 1.399999999999999911e+00
2.400000000000000000e+02 0.000000000000000000e+00 1.399999999999999911e+00
2.450000000000000000e+02 0.000000000000000000e+00 1.399999999999999911e+00
2.500000000000000000e+02 0.000000000000000000e+00 1.399999999999999911e+00
2.550000000000000000e+02 0.000000000000000000e+00 1.399999999999999911e+00
2.600000000000000000e+02 0.000000000000000000e+00 1.399999999999999911e+00
2.650000000000000000e+02 0.000000000000000000e+00 1.399999999999999911e+00
2.700000000000000000e+02 0.000000000000000000e+00 1.399999999999999911e+00
2.750000000000000000e+02 0.000000000000000000e+00 1.399999999999999911e+00
2.800000000000000000e+02 0.000000000000000000e+00 1.399999999999999911e+00
2.850000000000000000e+02 0.000000000000000000e+00 1.399999999999999911e+00
2.900000000000000000e+02 0.000000000000000000e+00 1.399999999999999911e+00
2.950000000000000000e+02 0.000000000000000000e+00 1.399999999999999911e+00
3.000000000000000000e+02 0.000000000000000000e+00 1.399999999999999911e+00
3.050000000000000000e+02 0.000000000000000000e+00 1.399999999999999911e+00
3.100000000000000000e+02 0.000000000000000000e+00 1.399999999999999911e+00
3.150000000000000000e+02 0.000000000000000000e+00 1.399999999999999911e+00
3.200000000000000000e+02 0.000000000000000000e+00 1.399999999999999911e+00
3.250000000000000000e+02 0.000000000000000000e+00 1.399999999999999911e+00
3.300000000000000000e+02 0.000000000000000000e+00 1.399999999999999911e+00
3.350000000000000000e+02 0.000000000000000000e+00 1.399999999999999911e+00
3.400000000000000000e+02 0.000000000000000000e+00 1.399999999999999911e+00
3.450000000000000000e+02 0.000000000000000000e+00 1.399999999999999911e+00
3.500000000000000000e+02 0.000000000000000000e+00 1.399999999999999911e+00
3.550000000000000000e+02 0.000000000000000000e+00 1.399999999999999911e+00
0.000000000000000000e+00 1.000000000000000000e+01 1.399999999999999911e+00
5.000000000000000000e+00 1.000000000000000000e+01 1.399999999999999911e+00
1.000000000000000000e+01 1.000000000000000000e+01 1.399999999999999911e+00
1.500000000000000000e+01 1.000000000000000000e+01 1.399999999999999911e+00
2.000000000000000000e+01 1.000000000000000000e+01 1.399999999999999911e+00
2.500000000000000000e+01 1.000000000000000000e+01 1.399999999999999911e+00
3.000000000000000000e+01 1.000000000000000000e+01 1.399999999999999911e+00
3.500000000000000000e+01 1.000000000000000000e+01 1.399999999999999911e+00
4.000000000000000000e+01 1.000000000000000000e+01 1.399999999999999911e+00
4.500000000000000000e+01 1.000000000000000000e+01 1.399999999999999911e+00
5.000000000000000000e+01 1.000000000000000000e+01 1.399999999999999911e+00
5.500000000000000000e+01 1.000000000000000000e+01 1.399999999999999911e+00
6.000000000000000000e+01 1.000000000000000000e+01 1.399999999999999911e+00
6.500000000000000000e+01 1.000000000000000000e+01 1.399999999999999911e+00
7.000000000000000000e+01 1.000000000000000000e+01 1.399999999999999911e+00
7.500000000000000000e+01 1.000000000000000000e+01 1.399999999999999911e+00
8.000000000000000000e+01 1.000000000000000000e+01 1.399999999999999911e+00
8.500000000000000000e+01 1.000000000000000000e+01 1.399999999999999911e+00
9.000000000000000000e+01 1.000000000000000000e+01 1.399999999999999911e+00
9.500000000000000000e+01 1.000000000000000000e+01 1.399999999999999911e+00
1.000000000000000000e+02 1.000000000000000000e+01 1.399999999999999911e+00
1.050000000000000000e+02 1.000000000000000000e+01 1.399999999999999911e+00
1.100000000000000000e+02 1.000000000000000000e+01 1.399999999999999911e+00
1.150000000000000000e+02 1.000000000000000000e+01 1.399999999999999911e+00
1.200000000000000000e+02 1.000000000000000000e+01 1.399999999999999911e+00
1.250000000000000000e+02 1.000000000000000000e+01 1.399999999999999911e+00
1.300000000000000000e+02 1.000000000000000000e+01 1.399999999999999911e+00
1.350000000000000000e+02 1.000000000000000000e+01 1.399999999999999911e+00
1.400000000000000000e+02 1.000000000000000000e+01 1.399999999999999911e+00
1.450000000000000000e+02 1.000000000000000000e+01 1.399999999999999911e+00
1.500000000000000000e+02 1.000000000000000000e+01 1.399999999999999911e+00
1.550000000000000000e+02 1.000000000000000000e+01 1.399999999999999911e+00
1.600000000000000000e+02 1.000000000000000000e+01 1.399999999999999911e+00
1.650000000000000000e+02 1.000000000000000000e+01 1.399999999999999911e+00
1.700000000000000000e+02 1.000000000000000000e+01 1.399999999999999911e+00
1.750000000000000000e+02 1.000000000000000000e+01 1.399999999999999911e+00
1.800000000000000000e+02 1.000000000000000000e+01 1.399999999999999911e+00
1.850000000000000000e+02 1.000000000000000000e+01 1.399999999999999911e+00
1.900000000000000000e+02 1.000000000000000000e+01 1.399999999999999911e+00
1.950000000000000000e+02 1.000000000000000000e+01 1.399999999999999911e+00
2.000000000000000000e+02 1.000000000000000000e+01 1.399999999999999911e+00
2.050000000000000000e+02 1.000000000000000000e+01 1.399999999999999911e+00
2.100000000000000000e+02 1.000000000000000000e+01 1.399999999999999911e+00
2.150000000000000000e+02 1.000000000000000000e+01 1.399999999999999911e+00
2.200000000000000000e+02 1.000000000000000000e+01 1.399999999999999911e+00
2.250000000000000000e+02 1.000000000000000000e+01 1.399999999999999911e+00
2.300000000000000000e+02 1.000000000000000000e+01 1.399999999999999911e+00
2.350000000000000000e+02 1.000000000000000000e+01 1.399999999999999911e+00
2.400000000000000000e+02 1.000000000000000000e+01 1.399999999999999911e+00
2.450000000000000000e+02 1.000000000000000000e+01 1.399999999999999911e+00
2.500000000000000000e+02 1.000000000000000000e+01 1.399999999999999911e+00
2.550000000000000000e+02 1.000000000000000000e+01 1.399999999999999911e+00
2.600000000000000000e+02 1.000000000000000000e+01 1.399999999999999911e+00
2.650000000000000000e+02 1.000000000000000000e+01 1.399999999999999911e+00
2.700000000000000000e+02 1.000000000000000000e+01 1.399999999999999911e+00
2.750000000000000000e+02 1.000000000000000000e+01 1.399999999999999911e+00
2.800000000000000000e+02 1.000000000000000000e+01 1.399999999999999911e+00
2.850000000000000000e+02 1.000000000000000000e+01 1.399999999999999911e+00
2.900000000000000000e+02 1.000000000000000000e+01 1.399999999999999911e+00
2.950000000000000000e+02 1.000000000000000000e+01 1.399999999999999911e+00
3.000000000000000000e+02 1.000000000000000000e+01 1.399999999999999911e+00
3.050000000000000000e+02 1.000000000000000000e+01 1.399999999999999911e+00
3.100000000000000000e+02 1.000000000000000000e+01 1.399999999999999911e+00
3.150000000000000000e+02 1.000000000000000000e+01 1.399999999999999911e+00
3.200000000000000000e+02 1.000000000000000000e+01 1.399999999999999911e+00
3.250000000000000000e+02 1.000000000000000000e+01 1.399999999999999911e+00
3.300000000000000000e+02 1.000000000000000000e+01 1.399999999999999911e+00
3.350000000000000000e+02 1.000000000000000000e+01 1.399999999999999911e+00
3.400000000000000000e+02 1.000000000000000000e+01 1.399999999999999911e+00
3.450000000000000000e+02 1.000000000000000000e+01 1.399999999999999911e+00
3.500000000000000000e+02 1.000000000000000000e+01 1.399999999999999911e+00
3.550000000000000000e+02 1.000000000000000000e+01 1.399999999999999911e+00
0.000000000000000000e+00 2.000000000000000000e+01 1.399999999999999911e+00
5.000000000000000000e+00 2.000000000000000000e+01 1.399999999999999911e+00
1.000000000000000000e+01 2.000000000000000000e+01 1.399999999999999911e+00
1.500000000000000000e+01 2.000000000000000000e+01 1.399999999999999911e+00
2.000000000000000000e+01 2.000000000000000000e+01 1.399999999999999911e+00
2.500000000000000000e+01 2.000000000000000000e+01 1.399999999999999911e+00
3.000000000000000000e+01 2.000000000000000000e+01 1.399999999999999911e+00
3.500000000000000000e+01 2.000000000000000000e+01 1.399999999999999911e+00
4.000000000000000000e+01 2.000000000000000000e+01 1.399999999999999911e+00
4.500000000000000000e+01 2.000000000000000000e+01 1.399999999999999911e+00
5.000000000000000000e+01 2.000000000000000000e+01 1.399999999999999911e+00
5.500000000000000000e+01 2.000000000000000000e+01 1.399999999999999911e+00
6.000000000000000000e+01 2.000000000000000000e+01 1.399999999999999911e+00
6.500000000000000000e+01 2.000000000000000000e+01 1.399999999999999911e+00
7.000000000000000000e+01 2.000000000000000000e+01 1.399999999999999911e+00
7.500000000000000000e+01 2.000000000000000000e+01 1.399999999999999911e+00
8.000000000000000000e+01 2.000000000000000000e+01 1.399999999999999911e+00
8.500000000000000000e+01 2.000000000000000000e+01 1.399999999999999911e+00
9.000000000000000000e+01 2.000000000000000000e+01 1.399999999999999911e+00
9.500000000000000000e+01 2.000000000000000000e+01 1.399999999999999911e+00
1.000000000000000000e+02 2.000000000000000000e+01 1.399999999999999911e+00
1.050000000000000000e+02 2.000000000000000000e+01 1.399999999999999911e+00
1.100000000000000000e+02 2.000000000000000000e+01 1.399999999999999911e+00
1.150000000000000000e+02 2.000000000000000000e+01 1.399999999999999911e+00
1.200000000000000000e+02 2.000000000000000000e+01 1.399999999999999911e+00
1.250000000000000000e+02 2.000000000000000000e+01 1.399999999999999911e+00
1.300000000000000000e+02 2.000000000000000000e+01 1.399999999999999911e+00
1.350000000000000000e+02 2.000000000000000000e+01 1.399999999999999911e+00
1.400000000000000000e+02 2.000000000000000000e+01 1.399999999999999911e+00
1.450000000000000000e+02 2.000000000000000000e+01 1.399999999999999911e+00
1.500000000000000000e+02 2.000000000000000000e+01 1.399999999999999911e+00
1.550000000000000000e+02 2.000000000000000000e+01 1.399999999999999911e+00
1.600000000000000000e+02 2.000000000000000000e+01 1.399999999999999911e+00
1.650000000000000000e+02 2.000000000000000000e+01 1.399999999999999911e+00
1.700000000000000000e+02 2.000000000000000000e+01 1.399999999999999911e+00
1.750000000000000000e+02 2.000000000000000000e+01 1.399999999999999911e+00
1.800000000000000000e+02 2.000000000000000000e+01 1.399999999999999911e+00
1.850000000000000000e+02 2.000000000000000000e+01 1.399999999999999911e+00
1.900000000000000000e+02 2.000000000000000000e+01 1.399999999999999911e+00
1.950000000000000000e+02 2.000000000000000000e+01 1.399999999999999911e+00
2.000000000000000000e+02 2.000000000000000000e+01 1.399999999999999911e+00
2.050000000000000000e+02 2.000000000000000000e+01 1.399999999999999911e+00
2.100000000000000000e+02 2.000000000000000000e+01 1.399999999999999911e+00
2.150000000000000000e+02 2.000000000000000000e+01 1.399999999999999911e+00
2.200000000000000000e+02 2.000000000000000000e+01 1.399999999999999911e+00
2.250000000000000000e+02 2.000000000000000000e+01 1.399999999999999911e+00
2.300000000000000000e+02 2.000000000000000000e+01 1.399999999999999911e+00
2.350000000000000000e+02 2.000000000000000000e+01 1.399999999999999911e+00
2.400000000000000000e+02 2.000000000000000000e+01 1.399999999999999911e+00
2.450000000000000000e+02 2.000000000000000000e+01 1.399999999999999911e+00
2.500000000000000000e+02 2.000000000000000000e+01 1.399999999999999911e+00
2.550000000000000000e+02 2.000000000000000000e+01 1.399999999999999911e+00
2.600000000000000000e+02 2.000000000000000000e+01 1.399999999999999911e+00
2.650000000000000000e+02 2.000000000000000000e+01 1.399999999999999911e+00
2.700000000000000000e+02 2.000000000000000000e+01 1.399999999999999911e+00
2.750000000000000000e+02 2.000000000000000000e+01 1.399999999999999911e+00
2.800000000000000000e+02 2.000000000000000000e+01 1.399999999999999911e+00
2.850000000000000000e+02 2.000000000000000000e+01 1.399999999999999911e+00
2.900000000000000000e+02 2.000000000000000000e+01 1.399999999999999911e+00
2.950000000000000000e+02 2.000000000000000000e+01 1.399999999999999911e+00
3.000000000000000000e+02 2.000000000000000000e+01 1.399999999999999911e+00
3.050000000000000000e+02 2.000000000000000000e+01 1.399999999999999911e+00
3.100000000000000000e+02 2.000000000000000000e+01 1.399999999999999911e+00
3.150000000000000000e+02 2.000000000000000000e+01 1.399999999999999911e+00
3.200000000000000000e+02 2.000000000000000000e+01 1.399999999999999911e+00
3.250000000000000000e+02 2.000000000000000000e+01 1.399999999999999911e+00
3.300000000000000000e+02 2.000000000000000000e+01 1.399999999999999911e+00
3.350000000000000000e+02 2.000000000000000000e+01 1.399999999999999911e+00
3.400000000000000000e+02 2.000000000000000000e+01 1.399999999999999911e+00
3.450000000000000000e+02 2.000000000000000000e+01 1.399999999999999911e+00
3.500000000000000000e+02 2.000000000000000000e+01 1.399999999999999911e+00
3.550000000000000000e+02 2.000000000000000000e+01 1.399999999999999911e+00
0.000000000000000000e+00 3.000000000000000000e+01 1.399999999999999911e+00
6.000000000000000000e+00 3.000000000000000000e+01 1.399999999999999911e+00
1.200000000000000000e+01 3.000000000000000000e+01 1.399999999999999911e+00
1.800000000000000000e+01 3.000000000000000000e+01 1.399999999999999911e+00
2.400000000000000000e+01 3.000000000000000000e+01 1.399999999999999911e+00
3.000000000000000000e+01 3.000000000000000000e+01 1.399999999999999911e+00
3.600000000000000000e+01 3.000000000000000000e+01 1.399999999999999911e+00
4.200000000000000000e+01 3.000000000000000000e+01 1.399999999999999911e+00
4.800000000000000000e+01 3.000000000000000000e+01 1.399999999999999911e+00
5.400000000000000000e+01 3.000000000000000000e+01 1.399999999999999911e+00
6.000000000000000000e+01 3.000000000000000000e+01 1.399999999999999911e+00
6.600000000000000000e+01 3.000000000000000000e+01 1.399999999999999911e+00
7.200000000000000000e+01 3.000000000000000000e+01 1.399999999999999911e+00
7.800000000000000000e+01 3.000000000000000000e+01 1.399999999999999911e+00
8.400000000000000000e+01 3.000000000000000000e+01 1.399999999999999911e+00
9.000000000000000000e+01 3.000000000000000000e+01 1.399999999999999911e+00
9.600000000000000000e+01 3.000000000000000000e+01 1.399999999999999911e+00
1.020000000000000000e+02 3.000000000000000000e+01 1.399999999999999911e+00
1.080000000000000000e+02 3.000000000000000000e+01 1.399999999999999911e+00
1.140000000000000000e+02 3.000000000000000000e+01 1.399999999999999911e+00
1.200000000000000000e+02 3.000000000000000000e+01 1.399999999999999911e+00
1.260000000000000000e+02 3.000000000000000000e+01 1.399999999999999911e+00
1.320000000000000000e+02 3.000000000000000000e+01 1.399999999999999911e+00
1.380000000000000000e+02 3.000000000000000000e+01 1.399999999999999911e+00
1.440000000000000000e+02 3.000000000000000000e+01 1.399999999999999911e+00
1.500000000000000000e+02 3.000000000000000000e+01 1.399999999999999911e+00
1.560000000000000000e+02 3.000000000000000000e+01 1.399999999999999911e+00
1.620000000000000000e+02 3.000000000000000000e+01 1.399999999999999911e+00
1.680000000000000000e+02 3.000000000000000000e+01 1.399999999999999911e+00
1.740000000000000000e+02 3.000000000000000000e+01 1.399999999999999911e+00
1.800000000000000000e+02 3.000000000000000000e+01 1.399999999999999911e+00
1.860000000000000000e+02 3.000000000000000000e+01 1.399999999999999911e+00
1.920000000000000000e+02 3.000000000000000000e+01 1.399999999999999911e+00
1.980000000000000000e+02 3.000000000000000000e+01 1.399999999999999911e+00
2.040000000000000000e+02 3.000000000000000000e+01 1.399999999999999911e+00
2.100000000000000000e+02 3.000000000000000000e+01 1.399999999999999911e+00
2.160000000000000000e+02 3.000000000000000000e+01 1.399999999999999911e+00
2.220000000000000000e+02 3.000000000000000000e+01 1.399999999999999911e+00
2.280000000000000000e+02 3.000000000000000000e+01 1.399999999999999911e+00
2.340000000000000000e+02 3.000000000000000000e+01 1.399999999999999911e+00
2.400000000000000000e+02 3.000000000000000000e+01 1.399999999999999911e+00
2.460000000000000000e+02 3.000000000000000000e+01 1.399999999999999911e+00
2.520000000000000000e+02 3.000000000000000000e+01 1.399999999999999911e+00
2.580000000000000000e+02 3.000000000000000000e+01 1.399999999999999911e+00
2.640000000000000000e+02 3.000000000000000000e+01 1.399999999999999911e+00
2.700000000000000000e+02 3.000000000000000000e+01 1.399999999999999911e+00
2.760000000000000000e+02 3.000000000000000000e+01 1.399999999999999911e+00
2.820000000000000000e+02 3.000000000000000000e+01 1.399999999999999911e+00
2.880000000000000000e+02 3.000000000000000000e+01 1.399999999999999911e+00
2.940000000000000000e+02 3.000000000000000000e+01 1.399999999999999911e+00
3.000000000000000000e+02 3.000000000000000000e+01 1.399999999999999911e+00
3.060000000000000000e+02 3.000000000000000000e+01 1.399999999999999911e+00
3.120000000000000000e+02 3.000000000000000000e+01 1.399999999999999911e+00
3.180000000000000000e+02 3.000000000000000000e+01 1.399999999999999911e+00
3.240000000000000000e+02 3.000000000000000000e+01 1.399999999999999911e+00
3.300000000000000000e+02 3.000000000000000000e+01 1.399999999999999911e+00
3.360000000000000000e+02 3.000000000000000000e+01 1.399999999999999911e+00
3.420000000000000000e+02 3.000000000000000000e+01 1.399999999999999911e+00
3.480000000000000000e+02 3.000000000000000000e+01 1.399999999999999911e+00
3.540000000000000000e+02 3.000000000000000000e+01 1.399999999999999911e+00
0.000000000000000000e+00 4.000000000000000000e+01 1.399999999999999911e+00
6.428571428571428825e+00 4.000000000000000000e+01 1.399999999999999911e+00
1.285714285714285765e+01 4.000000000000000000e+01 1.399999999999999911e+00
1.928571428571428470e+01 4.000000000000000000e+01 1.399999999999999911e+00
2.571428571428571530e+01 4.000000000000000000e+01 1.399999999999999911e+00
3.214285714285714590e+01 4.000000000000000000e+01 1.399999999999999911e+00
3.857142857142856940e+01 4.000000000000000000e+01 1.399999999999999911e+00
4.500000000000000000e+01 4.000000000000000000e+01 1.399999999999999911e+00
5.142857142857143060e+01 4.000000000000000000e+01 1.399999999999999911e+00
5.785714285714286120e+01 4.000000000000000000e+01 1.399999999999999911e+00
6.428571428571429180e+01 4.000000000000000000e+01 1.399999999999999911e+00
7.071428571428572241e+01 4.000000000000000000e+01 1.399999999999999911e+00
7.714285714285713880e+01 4.000000000000000000e+01 1.399999999999999911e+00
8.357142857142856940e+01 4.000000000000000000e+01 1.399999999999999911e+00
9.000000000000000000e+01 4.000000000000000000e+01 1.399999999999999911e+00
9.642857142857143060e+01 4.000000000000000000e+01 1.399999999999999911e+00
1.028571428571428612e+02 4.000000000000000000e+01 1.399999999999999911e+00
1.092857142857142918e+02 4.000000000000000000e+01 1.399999999999999911e+00
1.157142857142857224e+02 4.000000000000000000e+01 1.399999999999999911e+00
1.221428571428571530e+02 4.000000000000000000e+01 1.399999999999999911e+00
1.285714285714285836e+02 4.000000000000000000e+01 1.399999999999999911e+00
1.350000000000000000e+02 4.000000000000000000e+01 1.399999999999999911e+00
1.414285714285714448e+02 4.000000000000000000e+01 1.399999999999999911e+00
1.478571428571428612e+02 4.000000000000000000e+01 1.399999999999999911e+00
1.542857142857142776e+02 4.000000000000000000e+01 1.399999999999999911e+00
1.607142857142857224e+02 4.000000000000000000e+01 1.399999999999999911e+00
1.671428571428571388e+02 4.000000000000000000e+01 1.399999999999999911e+00
1.735714285714285836e+02 4.000000000000000000e+01 1.399999999999999911e+00
1.800000000000000000e+02 4.000000000000000000e+01 1.399999999999999911e+00
1.864285714285714448e+02 4.000000000000000000e+01 1.399999999999999911e+00
1.928571428571428612e+02 4.000000000000000000e+01 1.399999999999999911e+00
1.992857142857143060e+02 4.000000000000000000e+01 1.399999999999999911e+00
2.057142857142857224e+02 4.000000000000000000e+01 1.399999999999999911e+00
2.121428571428571388e+02 4.000000000000000000e+01 1.399999999999999911e+00
2.185714285714285836e+02 4.000000000000000000e+01 1.399999999999999911e+00
2.250000000000000000e+02 4.000000000000000000e+01 1.399999999999999911e+00
2.314285714285714448e+02 4.000000000000000000e+01 1.399999999999999911e+00
2.378571428571428612e+02 4.000000000000000000e+01 1.399999999999999911e+00
2.442857142857143060e+02 4.000000000000000000e+01 1.399999999999999911e+00
2.507142857142857224e+02 4.000000000000000000e+01 1.399999999999999911e+00
2.571428571428571672e+02 4.000000000000000000e+01 1.399999999999999911e+00
2.635714285714285552e+02 4.000000000000000000e+01 1.399999999999999911e+00
2.700000000000000000e+02 4.000000000000000000e+01 1.399999999999999911e+00
2.764285714285714448e+02 4.000000000000000000e+01 1.399999999999999911e+00
2.828571428571428896e+02 4.000000000000000000e+01 1.399999999999999911e+00
2.892857142857142776e+02 4.000000000000000000e+01 1.399999999999999911e+00
2.957142857142857224e+02 4.000000000000000000e+01 1.399999999999999911e+00
3.021428571428571672e+02 4.000000000000000000e+01 1.399999999999999911e+00
3.085714285714285552e+02 4.000000000000000000e+01 1.399999999999999911e+00
3.150000000000000000e+02 4.000000000000000000e+01 1.399999999999999911e+00
3.214285714285714448e+02 4.000000000000000000e+01 1.399999999999999911e+00
3.278571428571428896e+02 4.000000000000000000e+01 1.399999999999999911e+00
3.342857142857142776e+02 4.000000000000000000e+01 1.399999999999999911e+00
3.407142857142857224e+02 4.000000000000000000e+01 1.399999999999999911e+00
3.471428571428571672e+02 4.000000000000000000e+01 1.399999999999999911e+00
3.535714285714286120e+02 4.000000000000000000e+01 1.399999999999999911e+00
0.000000000000000000e+00 5.000000000000000000e+01 1.399999999999999911e+00
8.000000000000000000e+00 5.000000000000000000e+01 1.399999999999999911e+00
1.600000000000000000e+01 5.000000000000000000e+01 1.399999999999999911e+00
2.400000000000000000e+01 5.000000000000000000e+01 1.399999999999999911e+00
3.200000000000000000e+01 5.000000000000000000e+01 1.399999999999999911e+00
4.000000000000000000e+01 5.000000000000000000e+01 1.399999999999999911e+00
4.800000000000000000e+01 5.000000000000000000e+01 1.399999999999999911e+00
5.600000000000000000e+01 5.000000000000000000e+01 1.399999999999999911e+00
6.400000000000000000e+01 5.000000000000000000e+01 1.399999999999999911e+00
7.200000000000000000e+01 5.000000000000000000e+01 1.399999999999999911e+00
8.000000000000000000e+01 5.000000000000000000e+01 1.399999999999999911e+00
8.800000000000000000e+01 5.000000000000000000e+01 1.399999999999999911e+00
9.600000000000000000e+01 5.000000000000000000e+01 1.399999999999999911e+00
1.040000000000000000e+02 5.000000000000000000e+01 1.399999999999999911e+00
1.120000000000000000e+02 5.000000000000000000e+01 1.399999999999999911e+00
1.200000000000000000e+02 5.000000000000000000e+01 1.399999999999999911e+00
1.280000000000000000e+02 5.000000000000000000e+01 1.399999999999999911e+00
1.360000000000000000e+02 5.000000000000000000e+01 1.399999999999999911e+00
1.440000000000000000e+02 5.000000000000000000e+01 1.399999999999999911e+00
1.520000000000000000e+02 5.000000000000000000e+01 1.399999999999999911e+00
1.600000000000000000e+02 5.000000000000000000e+01 1.399999999999999911e+00
1.680000000000000000e+02 5.000000000000000000e+01 1.399999999999999911e+00
1.760000000000000000e+02 5.000000000000000000e+01 1.399999999999999911e+00
1.840000000000000000e+02 5.000000000000000000e+01 1.399999999999999911e+00
1.920000000000000000e+02 5.000000000000000000e+01 1.399999999999999911e+00
2.000000000000000000e+02 5.000000000000000000e+01 1.399999999999999911e+00
2.080000000000000000e+02 5.000000000000000000e+01 1.399999999999999911e+00
2.160000000000000000e+02 5.000000000000000000e+01 1.399999999999999911e+00
2.240000000000000000e+02 5.000000000000000000e+01 1.399999999999999911e+00
2.320000000000000000e+02 5.000000000000000000e+01 1.399999999999999911e+00
2.400000000000000000e+02 5.000000000000000000e+01 1.399999999999999911e+00
2.480000000000000000e+02 5.000000000000000000e+01 1.399999999999999911e+00
2.560000000000000000e+02 5.000000000000000000e+01 1.399999999999999911e+00
2.640000000000000000e+02 5.000000000000000000e+01 1.399999999999999911e+00
2.720000000000000000e+02 5.000000000000000000e+01 1.399999999999999911e+00
2.800000000000000000e+02 5.000000000000000000e+01 1.399999999999999911e+00
2.880000000000000000e+02 5.000000000000000000e+01 1.399999999999999911e+00
2.960000000000000000e+02 5.000000000000000000e+01 1.399999999999999911e+00
3.040000000000000000e+02 5.000000000000000000e+01 1.399999999999999911e+00
3.120000000000000000e+02 5.000000000000000000e+01 1.399999999999999911e+00
3.200000000000000000e+02 5.000000000000000000e+01 1.399999999999999911e+00
3.280000000000000000e+02 5.000000000000000000e+01 1.399999999999999911e+00
3.360000000000000000e+02 5.000000000000000000e+01 1.399999999999999911e+00
3.440000000000000000e+02 5.000000000000000000e+01 1.399999999999999911e+00
3.520000000000000000e+02 5.000000000000000000e+01 1.399999999999999911e+00
0.000000000000000000e+00 6.000000000000000000e+01 1.399999999999999911e+00
1.000000000000000000e+01 6.000000000000000000e+01 1.399999999999999911e+00
2.000000000000000000e+01 6.000000000000000000e+01 1.399999999999999911e+00
3.000000000000000000e+01 6.000000000000000000e+01 1.399999999999999911e+00
4.000000000000000000e+01 6.000000000000000000e+01 1.399999999999999911e+00
5.000000000000000000e+01 6.000000000000000000e+01 1.399999999999999911e+00
6.000000000000000000e+01 6.000000000000000000e+01 1.399999999999999911e+00
7.000000000000000000e+01 6.000000000000000000e+01 1.399999999999999911e+00
8.000000000000000000e+01 6.000000000000000000e+01 1.399999999999999911e+00
9.000000000000000000e+01 6.000000000000000000e+01 1.399999999999999911e+00
1.000000000000000000e+02 6.000000000000000000e+01 1.399999999999999911e+00
1.100000000000000000e+02 6.000000000000000000e+01 1.399999999999999911e+00
1.200000000000000000e+02 6.000000000000000000e+01 1.399999999999999911e+00
1.300000000000000000e+02 6.000000000000000000e+01 1.399999999999999911e+00
1.400000000000000000e+02 6.000000000000000000e+01 1.399999999999999911e+00
1.500000000000000000e+02 6.000000000000000000e+01 1.399999999999999911e+00
1.600000000000000000e+02 6.000000000000000000e+01 1.399999999999999911e+00
1.700000000000000000e+02 6.000000000000000000e+01 1.399999999999999911e+00
1.800000000000000000e+02 6.000000000000000000e+01 1.399999999999999911e+00
1.900000000000000000e+02 6.000000000000000000e+01 1.399999999999999911e+00
2.000000000000000000e+02 6.000000000000000000e+01 1.399999999999999911e+00
2.100000000000000000e+02 6.000000000000000000e+01 1.399999999999999911e+00
2.200000000000000000e+02 6.000000000000000000e+01 1.399999999999999911e+00
2.300000000000000000e+02 6.000000000000000000e+01 1.399999999999999911e+00
2.400000000000000000e+02 6.000000000000000000e+01 1.399999999999999911e+00
2.500000000000000000e+02 6.000000000000000000e+01 1.399999999999999911e+00
2.600000000000000000e+02 6.000000000000000000e+01 1.399999999999999911e+00
2.700000000000000000e+02 6.000000000000000000e+01 1.399999999999999911e+00
2.800000000000000000e+02 6.000000000000000000e+01 1.399999999999999911e+00
2.900000000000000000e+02 6.000000000000000000e+01 1.399999999999999911e+00
3.000000000000000000e+02 6.000000000000000000e+01 1.399999999999999911e+00
3.100000000000000000e+02 6.000000000000000000e+01 1.399999999999999911e+00
3.200000000000000000e+02 6.000000000000000000e+01 1.399999999999999911e+00
3.300000000000000000e+02 6.000000000000000000e+01 1.399999999999999911e+00
3.400000000000000000e+02 6.000000000000000000e+01 1.399999999999999911e+00
3.500000000000000000e+02 6.000000000000000000e+01 1.399999999999999911e+00
0.000000000000000000e+00 7.000000000000000000e+01 1.399999999999999911e+00
1.500000000000000000e+01 7.000000000000000000e+01 1.399999999999999911e+00
3.000000000000000000e+01 7.000000000000000000e+01 1.399999999999999911e+00
4.500000000000000000e+01 7.000000000000000000e+01 1.399999999999999911e+00
6.000000000000000000e+01 7.000000000000000000e+01 1.399999999999999911e+00
7.500000000000000000e+01 7.000000000000000000e+01 1.399999999999999911e+00
9.000000000000000000e+01 7.000000000000000000e+01 1.399999999999999911e+00
1.050000000000000000e+02 7.000000000000000000e+01 1.399999999999999911e+00
1.200000000000000000e+02 7.000000000000000000e+01 1.399999999999999911e+00
1.350000000000000000e+02 7.000000000000000000e+01 1.399999999999999911e+00
1.500000000000000000e+02 7.000000000000000000e+01 1.399999999999999911e+00
1.650000000000000000e+02 7.000000000000000000e+01 1.399999999999999911e+00
1.800000000000000000e+02 7.000000000000000000e+01 1.399999999999999911e+00
1.950000000000000000e+02 7.000000000000000000e+01 1.399999999999999911e+00
2.100000000000000000e+02 7.000000000000000000e+01 1.399999999999999911e+00
2.250000000000000000e+02 7.000000000000000000e+01 1.399999999999999911e+00
2.400000000000000000e+02 7.000000000000000000e+01 1.399999999999999911e+00
2.550000000000000000e+02 7.000000000000000000e+01 1.399999999999999911e+00
2.700000000000000000e+02 7.000000000000000000e+01 1.399999999999999911e+00
2.850000000000000000e+02 7.000000000000000000e+01 1.399999999999999911e+00
3.000000000000000000e+02 7.000000000000000000e+01 1.399999999999999911e+00
3.150000000000000000e+02 7.000000000000000000e+01 1.399999999999999911e+00
3.300000000000000000e+02 7.000000000000000000e+01 1.399999999999999911e+00
3.450000000000000000e+02 7.000000000000000000e+01 1.399999999999999911e+00
0.000000000000000000e+00 8.000000000000000000e+01 1.399999999999999911e+00
3.000000000000000000e+01 8.000000000000000000e+01 1.399999999999999911e+00
6.000000000000000000e+01 8.000000000000000000e+01 1.399999999999999911e+00
9.000000000000000000e+01 8.000000000000000000e+01 1.399999999999999911e+00
1.200000000000000000e+02 8.000000000000000000e+01 1.399999999999999911e+00
1.500000000000000000e+02 8.000000000000000000e+01 1.399999999999999911e+00
1.800000000000000000e+02 8.000000000000000000e+01 1.399999999999999911e+00
2.100000000000000000e+02 8.000000000000000000e+01 1.399999999999999911e+00
2.400000000000000000e+02 8.000000000000000000e+01 1.399999999999999911e+00
2.700000000000000000e+02 8.000000000000000000e+01 1.399999999999999911e+00
3.000000000000000000e+02 8.000000000000000000e+01 1.399999999999999911e+00
3.300000000000000000e+02 8.000000000000000000e+01 1.399999999999999911e+00
0.000000000000000000e+00 9.000000000000000000e+01 1.399999999999999911e+00
